5.0000000000 6.0000000000 -4.0000000000
10.0000000000 6.0000000000 -4.0000000000
10.0000000000 6.0000000000 -1.0000000000
5.0000000000 6.0000000000 -1.0000000000
5.0000000000 6.0000000000 -1.0000000000
5.0000000000 6.0000000000 -4.0000000000
5.0000000000 8.0000000000 -4.0000000000
10.0000000000 8.0000000000 -4.0000000000
10.0000000000 6.0000000000 -4.0000000000
10.0000000000 8.0000000000 -4.0000000000
10.0000000000 8.0000000000 -4.0000000000
10.0000000000 8.0000000000 -1.0000000000
10.0000000000 6.0000000000 -1.0000000000
10.0000000000 8.0000000000 -1.0000000000
5.0000000000 8.0000000000 -1.0000000000
5.0000000000 6.0000000000 -1.0000000000
5.0000000000 8.0000000000 -1.0000000000
5.0000000000 8.0000000000 -4.0000000000
5.0000000000 6.0000000000 -4.0000000000
5.0000000000 6.0000000000 -4.0000000000
