-2.2235857426 -4.2136380556 -2.4085100750
0.3201054159 -3.9866548510 -1.0020556979
0.1415924428 -1.9946379735 -1.0006852326
-2.4020987157 -2.2216211781 -2.4071396098
#

-2.2235857426 -4.2136380556 -2.4085100750
0.2093438250 -3.9945181390 -4.0000000000
0.0308308519 -2.0025012615 -3.9986295348
-2.4020987157 -2.2216211781 -2.4071396098
#

-2.2235857426 -4.2136380556 -2.4085100750
-4.7672769011 -4.4406212602 -3.8149644522
-4.9457898742 -2.4486043827 -3.8135939870
-2.4020987157 -2.2216211781 -2.4071396098
#

-2.2235857426 -4.2136380556 -2.4085100750
-4.6565153102 -4.4327579722 -0.8170201501
-4.8350282833 -2.4407410947 -0.8156496848
-2.4020987157 -2.2216211781 -2.4071396098
#

-2.2235857426 -4.2136380556 -2.4085100750
0.3201054159 -3.9866548510 -1.0020556979
0.1415924428 -1.9946379735 -1.0006852326
-2.4020987157 -2.2216211781 -2.4071396098
#

