0.0000000000 0.1232568334 -1.4088320528
5.0000000000 0.1232568334 -1.4088320528
5.0000000000 2.4213901628 -3.3371948819
0.0000000000 2.4213901628 -3.3371948819
0.0000000000 2.4213901628 -3.3371948819
0.0000000000 0.1232568334 -1.4088320528
0.0000000000 -1.1623183859 -2.9409209390
5.0000000000 -1.1623183859 -2.9409209390
5.0000000000 0.1232568334 -1.4088320528
5.0000000000 -1.1623183859 -2.9409209390
5.0000000000 -1.1623183859 -2.9409209390
5.0000000000 1.1358149434 -4.8692837681
5.0000000000 2.4213901628 -3.3371948819
5.0000000000 1.1358149434 -4.8692837681
0.0000000000 1.1358149434 -4.8692837681
0.0000000000 2.4213901628 -3.3371948819
0.0000000000 1.1358149434 -4.8692837681
0.0000000000 -1.1623183859 -2.9409209390
0.0000000000 0.1232568334 -1.4088320528
0.0000000000 0.1232568334 -1.4088320528
