-11.6534676324 -15.0921396455 -12.0384389794
-9.1097764739 -14.8651564409 -10.6319846023
-9.2882894470 -12.8731395634 -10.6306141370
-11.8319806055 -13.1001227680 -12.0370685142
#

-11.6534676324 -15.0921396455 -12.0384389794
-9.2205380648 -14.8730197289 -13.6299289044
-9.3990510379 -12.8810028514 -13.6285584392
-11.8319806055 -13.1001227680 -12.0370685142
#

-11.6534676324 -15.0921396455 -12.0384389794
-14.1971587909 -15.3191228501 -13.4448933566
-14.3756717639 -13.3271059726 -13.4435228914
-11.8319806055 -13.1001227680 -12.0370685142
#

-11.6534676324 -15.0921396455 -12.0384389794
-14.0863972000 -15.3112595621 -10.4469490545
-14.2649101731 -13.3192426846 -10.4455785892
-11.8319806055 -13.1001227680 -12.0370685142
#

-11.6534676324 -15.0921396455 -12.0384389794
-9.1097764739 -14.8651564409 -10.6319846023
-9.2882894470 -12.8731395634 -10.6306141370
-11.8319806055 -13.1001227680 -12.0370685142
#

