7.5000000000 6.0000000000 7.5000000000
10.0000000000 6.0000000000 9.0000000000
10.0000000000 8.0000000000 9.0000000000
7.5000000000 8.0000000000 7.5000000000
#

7.5000000000 6.0000000000 7.5000000000
10.0000000000 6.0000000000 6.0000000000
10.0000000000 8.0000000000 6.0000000000
7.5000000000 8.0000000000 7.5000000000
#

7.5000000000 6.0000000000 7.5000000000
5.0000000000 6.0000000000 6.0000000000
5.0000000000 8.0000000000 6.0000000000
7.5000000000 8.0000000000 7.5000000000
#

7.5000000000 6.0000000000 7.5000000000
5.0000000000 6.0000000000 9.0000000000
5.0000000000 8.0000000000 9.0000000000
7.5000000000 8.0000000000 7.5000000000
#

7.5000000000 6.0000000000 7.5000000000
10.0000000000 6.0000000000 9.0000000000
10.0000000000 8.0000000000 9.0000000000
7.5000000000 8.0000000000 7.5000000000
#

