128.0000000000 174.0000000000 3.0000000000
130.0000000000 177.4641016151 4.0000000000
130.0000000000 177.4641016151 2.0000000000
128.0000000000 174.0000000000 2.0000000000
#

128.0000000000 174.0000000000 3.0000000000
126.0000000000 177.4641016151 4.0000000000
126.0000000000 177.4641016151 2.0000000000
128.0000000000 174.0000000000 2.0000000000
#

128.0000000000 174.0000000000 3.0000000000
124.0000000000 174.0000000000 2.0000000000
124.0000000000 174.0000000000 2.0000000000
128.0000000000 174.0000000000 2.0000000000
#

128.0000000000 174.0000000000 3.0000000000
126.0000000000 170.5358983849 4.0000000000
126.0000000000 170.5358983849 2.0000000000
128.0000000000 174.0000000000 2.0000000000
#

128.0000000000 174.0000000000 3.0000000000
130.0000000000 170.5358983849 4.0000000000
130.0000000000 170.5358983849 2.0000000000
128.0000000000 174.0000000000 2.0000000000
#

128.0000000000 174.0000000000 3.0000000000
132.0000000000 174.0000000000 4.0000000000
132.0000000000 174.0000000000 2.0000000000
128.0000000000 174.0000000000 2.0000000000
#

128.0000000000 174.0000000000 3.0000000000
130.0000000000 177.4641016151 4.0000000000
130.0000000000 177.4641016151 2.0000000000
128.0000000000 174.0000000000 2.0000000000
#

