74.4472221514 65.9619407771 3.0000000000
75.4824983318 62.0982374720 4.0000000000
75.4824983318 62.0982374720 2.0000000000
74.4472221514 65.9619407771 2.0000000000
#

74.4472221514 65.9619407771 3.0000000000
78.3109254565 64.9266645967 4.0000000000
78.3109254565 64.9266645967 2.0000000000
74.4472221514 65.9619407771 2.0000000000
#

74.4472221514 65.9619407771 3.0000000000
77.2756492761 68.7903679019 2.0000000000
77.2756492761 68.7903679019 2.0000000000
74.4472221514 65.9619407771 2.0000000000
#

74.4472221514 65.9619407771 3.0000000000
73.4119459710 69.8256440823 4.0000000000
73.4119459710 69.8256440823 2.0000000000
74.4472221514 65.9619407771 2.0000000000
#

74.4472221514 65.9619407771 3.0000000000
70.5835188462 66.9972169575 4.0000000000
70.5835188462 66.9972169575 2.0000000000
74.4472221514 65.9619407771 2.0000000000
#

74.4472221514 65.9619407771 3.0000000000
71.6187950266 63.1335136524 4.0000000000
71.6187950266 63.1335136524 2.0000000000
74.4472221514 65.9619407771 2.0000000000
#

74.4472221514 65.9619407771 3.0000000000
75.4824983318 62.0982374720 4.0000000000
75.4824983318 62.0982374720 2.0000000000
74.4472221514 65.9619407771 2.0000000000
#

