156.0987169259 174.2195715683 3.0000000000
156.7933096366 178.1588025803 4.0000000000
156.7933096366 178.1588025803 2.0000000000
156.0987169259 174.2195715683 2.0000000000
#

156.0987169259 174.2195715683 3.0000000000
153.0345391534 176.7907220070 4.0000000000
153.0345391534 176.7907220070 2.0000000000
156.0987169259 174.2195715683 2.0000000000
#

156.0987169259 174.2195715683 3.0000000000
152.3399464428 172.8514909950 2.0000000000
152.3399464428 172.8514909950 2.0000000000
156.0987169259 174.2195715683 2.0000000000
#

156.0987169259 174.2195715683 3.0000000000
155.4041242152 170.2803405562 4.0000000000
155.4041242152 170.2803405562 2.0000000000
156.0987169259 174.2195715683 2.0000000000
#

156.0987169259 174.2195715683 3.0000000000
159.1628946984 171.6484211295 4.0000000000
159.1628946984 171.6484211295 2.0000000000
156.0987169259 174.2195715683 2.0000000000
#

156.0987169259 174.2195715683 3.0000000000
159.8574874090 175.5876521416 4.0000000000
159.8574874090 175.5876521416 2.0000000000
156.0987169259 174.2195715683 2.0000000000
#

156.0987169259 174.2195715683 3.0000000000
156.7933096366 178.1588025803 4.0000000000
156.7933096366 178.1588025803 2.0000000000
156.0987169259 174.2195715683 2.0000000000
#

