49.6957345799 74.7554869192 3.0000000000
51.4492191670 71.1603107340 4.0000000000
51.4492191670 71.1603107340 2.0000000000
49.6957345799 74.7554869192 2.0000000000
#

49.6957345799 74.7554869192 3.0000000000
53.6859907809 74.4764610243 4.0000000000
53.6859907809 74.4764610243 2.0000000000
49.6957345799 74.7554869192 2.0000000000
#

49.6957345799 74.7554869192 3.0000000000
51.9325061937 78.0716372095 2.0000000000
51.9325061937 78.0716372095 2.0000000000
49.6957345799 74.7554869192 2.0000000000
#

49.6957345799 74.7554869192 3.0000000000
47.9422499927 78.3506631044 4.0000000000
47.9422499927 78.3506631044 2.0000000000
49.6957345799 74.7554869192 2.0000000000
#

49.6957345799 74.7554869192 3.0000000000
45.7054783788 75.0345128142 4.0000000000
45.7054783788 75.0345128142 2.0000000000
49.6957345799 74.7554869192 2.0000000000
#

49.6957345799 74.7554869192 3.0000000000
47.4589629660 71.4393366290 4.0000000000
47.4589629660 71.4393366290 2.0000000000
49.6957345799 74.7554869192 2.0000000000
#

49.6957345799 74.7554869192 3.0000000000
51.4492191670 71.1603107340 4.0000000000
51.4492191670 71.1603107340 2.0000000000
49.6957345799 74.7554869192 2.0000000000
#

