76.5685424949 68.0832611207 3.0000000000
77.6038186753 64.2195578155 4.0000000000
77.6038186753 64.2195578155 2.0000000000
76.5685424949 68.0832611207 2.0000000000
#

76.5685424949 68.0832611207 3.0000000000
80.4322458001 67.0479849403 4.0000000000
80.4322458001 67.0479849403 2.0000000000
76.5685424949 68.0832611207 2.0000000000
#

76.5685424949 68.0832611207 3.0000000000
79.3969696197 70.9116882454 2.0000000000
79.3969696197 70.9116882454 2.0000000000
76.5685424949 68.0832611207 2.0000000000
#

76.5685424949 68.0832611207 3.0000000000
75.5332663145 71.9469644258 4.0000000000
75.5332663145 71.9469644258 2.0000000000
76.5685424949 68.0832611207 2.0000000000
#

76.5685424949 68.0832611207 3.0000000000
72.7048391898 69.1185373011 4.0000000000
72.7048391898 69.1185373011 2.0000000000
76.5685424949 68.0832611207 2.0000000000
#

76.5685424949 68.0832611207 3.0000000000
73.7401153702 65.2548339959 4.0000000000
73.7401153702 65.2548339959 2.0000000000
76.5685424949 68.0832611207 2.0000000000
#

76.5685424949 68.0832611207 3.0000000000
77.6038186753 64.2195578155 4.0000000000
77.6038186753 64.2195578155 2.0000000000
76.5685424949 68.0832611207 2.0000000000
#

