74.4472221514 82.9325035256 3.0000000000
75.4824983318 79.0688002204 4.0000000000
75.4824983318 79.0688002204 2.0000000000
74.4472221514 82.9325035256 2.0000000000
#

74.4472221514 82.9325035256 3.0000000000
78.3109254565 81.8972273452 4.0000000000
78.3109254565 81.8972273452 2.0000000000
74.4472221514 82.9325035256 2.0000000000
#

74.4472221514 82.9325035256 3.0000000000
77.2756492761 85.7609306503 2.0000000000
77.2756492761 85.7609306503 2.0000000000
74.4472221514 82.9325035256 2.0000000000
#

74.4472221514 82.9325035256 3.0000000000
73.4119459710 86.7962068308 4.0000000000
73.4119459710 86.7962068308 2.0000000000
74.4472221514 82.9325035256 2.0000000000
#

74.4472221514 82.9325035256 3.0000000000
70.5835188462 83.9677797060 4.0000000000
70.5835188462 83.9677797060 2.0000000000
74.4472221514 82.9325035256 2.0000000000
#

74.4472221514 82.9325035256 3.0000000000
71.6187950266 80.1040764009 4.0000000000
71.6187950266 80.1040764009 2.0000000000
74.4472221514 82.9325035256 2.0000000000
#

74.4472221514 82.9325035256 3.0000000000
75.4824983318 79.0688002204 4.0000000000
75.4824983318 79.0688002204 2.0000000000
74.4472221514 82.9325035256 2.0000000000
#

