122.0000000000 186.0000000000 1.0000000000
116.0000000000 186.0000000000 2.0000000000
116.0000000000 174.0000000000 2.0000000000
122.0000000000 174.0000000000 1.0000000000
#

122.0000000000 186.0000000000 1.0000000000
116.0000000000 186.0000000000 0.0000000000
116.0000000000 174.0000000000 0.0000000000
122.0000000000 174.0000000000 1.0000000000
#

122.0000000000 186.0000000000 1.0000000000
128.0000000000 186.0000000000 0.0000000000
128.0000000000 174.0000000000 0.0000000000
122.0000000000 174.0000000000 1.0000000000
#

122.0000000000 186.0000000000 1.0000000000
128.0000000000 186.0000000000 2.0000000000
128.0000000000 174.0000000000 2.0000000000
122.0000000000 174.0000000000 1.0000000000
#

122.0000000000 186.0000000000 1.0000000000
116.0000000000 186.0000000000 2.0000000000
116.0000000000 174.0000000000 2.0000000000
122.0000000000 174.0000000000 1.0000000000
#

