6.0000000000 4.0000000000 5.2000000000
10.0000000000 4.0000000000 5.2000000000
10.0000000000 4.0000000000 6.0000000000
6.0000000000 4.0000000000 6.0000000000
6.0000000000 4.0000000000 6.0000000000
6.0000000000 4.0000000000 5.2000000000
6.0000000000 8.0000000000 5.2000000000
10.0000000000 8.0000000000 5.2000000000
10.0000000000 4.0000000000 5.2000000000
10.0000000000 8.0000000000 5.2000000000
10.0000000000 8.0000000000 5.2000000000
10.0000000000 8.0000000000 6.0000000000
10.0000000000 4.0000000000 6.0000000000
10.0000000000 8.0000000000 6.0000000000
6.0000000000 8.0000000000 6.0000000000
6.0000000000 4.0000000000 6.0000000000
6.0000000000 8.0000000000 6.0000000000
6.0000000000 8.0000000000 5.2000000000
6.0000000000 4.0000000000 5.2000000000
6.0000000000 4.0000000000 5.2000000000
