105.5167257590 71.1383954108 1.0000000000
111.1548814838 73.1905162708 2.0000000000
107.0506397638 84.4668277202 2.0000000000
101.4124840391 82.4147068602 1.0000000000
#

105.5167257590 71.1383954108 1.0000000000
111.1548814838 73.1905162708 0.0000000000
107.0506397638 84.4668277202 0.0000000000
101.4124840391 82.4147068602 1.0000000000
#

105.5167257590 71.1383954108 1.0000000000
99.8785700343 69.0862745509 0.0000000000
95.7743283144 80.3625860003 0.0000000000
101.4124840391 82.4147068602 1.0000000000
#

105.5167257590 71.1383954108 1.0000000000
99.8785700343 69.0862745509 2.0000000000
95.7743283144 80.3625860003 2.0000000000
101.4124840391 82.4147068602 1.0000000000
#

105.5167257590 71.1383954108 1.0000000000
111.1548814838 73.1905162708 2.0000000000
107.0506397638 84.4668277202 2.0000000000
101.4124840391 82.4147068602 1.0000000000
#

