148.9266471964 158.8390183989 3.0000000000
149.6212399070 162.7782494110 4.0000000000
149.6212399070 162.7782494110 2.0000000000
148.9266471964 158.8390183989 2.0000000000
#

148.9266471964 158.8390183989 3.0000000000
145.8624694239 161.4101688377 4.0000000000
145.8624694239 161.4101688377 2.0000000000
148.9266471964 158.8390183989 2.0000000000
#

148.9266471964 158.8390183989 3.0000000000
145.1678767132 157.4709378256 2.0000000000
145.1678767132 157.4709378256 2.0000000000
148.9266471964 158.8390183989 2.0000000000
#

148.9266471964 158.8390183989 3.0000000000
148.2320544857 154.8997873869 4.0000000000
148.2320544857 154.8997873869 2.0000000000
148.9266471964 158.8390183989 2.0000000000
#

148.9266471964 158.8390183989 3.0000000000
151.9908249689 156.2678679602 4.0000000000
151.9908249689 156.2678679602 2.0000000000
148.9266471964 158.8390183989 2.0000000000
#

148.9266471964 158.8390183989 3.0000000000
152.6854176795 160.2070989722 4.0000000000
152.6854176795 160.2070989722 2.0000000000
148.9266471964 158.8390183989 2.0000000000
#

148.9266471964 158.8390183989 3.0000000000
149.6212399070 162.7782494110 4.0000000000
149.6212399070 162.7782494110 2.0000000000
148.9266471964 158.8390183989 2.0000000000
#

